20 75 40 30 0 654
20 10 90 10 40 981
20 20 60 20 10 522
0 0 10 0 0 254
10 10 80 30 10 700
30 50 25 0 0 567
0 10 40 50 0 682
40 40 5 40 35 435
0 0 80 10 30 825
10 20 70 30 0 752
0 0 60 50 0 523
10 30 0 60 0 452
40 65 20 20 45 895
0 75 20 35 0 785
10 10 0 50 20 457
20 10 40 15 50 768
40 20 75 10 65 856
0 40 0 40 20 675
0 30 0 40 0 765
0 30 25 75 0 2500
0 0 0 60 75 681
30 0 40 40 0 487
0 10 0 80 30 150
40 55 30 10 45 97
10 0 10 40 0 456
10 20 30 45 45 560
20 35 30 20 0 520
30 30 10 10 50 750
10 20 30 0 35 945
10 70 20 0 70 862
10 20 30 20 40 521
20 50 30 20 0 576
0 20 20 20 0 532
30 0 25 10 80 736
20 0 30 0 0 546
10 10 45 20 0 821
20 30 40 40 45 615
20 10 40 40 30 597
10 45 45 0 50 493
40 40 30 30 75 682
20 55 30 20 40 578
30 75 15 0 10 514
10 20 20 45 0 476
10 30 25 40 0 529
0 65 40 65 20 528
20 0 60 70 40 675
20 25 50 30 0 599
0 0 45 40 0 86
10 35 25 20 0 504
10 0 25 38 50 534
0 20 80 20 0 9999
0 35 20 55 40 325
30 15 50 45 0 768
20 10 50 40 0 862
0 60 10 0 0 1263
0 0 55 60 40 284
0 60 30 0 0 692
20 45 35 30 0 245
45 75 65 45 0 765
0 0 85 0 0 1562
0 10 40 60 35 143
30 40 55 40 0 843
0 40 75 20 50 982