0 0 0 0 0 0
0 0 0 0 0 0
0 0 0 0 0 0
0 0 0 0 0 0
------------------------->>
0 0 0 0 0 0
0 0 0 0 0 0
0 0 0 0 0 0

------------------------->>
0 0 0 0 0 0
0 0 0 0 0 0
0 0 0 0 0 0
0 0 0 0 0 0
------------------------->>
0 0 0 0 0 0
0 0 0 0 0 0
0 0 0 0 0 0
0 0 0 0 0 0
------------------------->>
0 0 0 0 0 0
0 0 0 0 0 0
0 0 0 0 0 0

------------------------->>
0 0 0 0 0 0
0 0 0 0 0 0
0 0 0 0 0 0
0 0 0 0 0 0
------------------------->>
0 0 0 0 0 0
0 0 0 0 0 0
0 0 0 0 0 0
0 0 0 0 0 0
------------------------->>
0 0 0 0 0 0
0 0 0 0 0 0
0 0 0 0 0 0

------------------------->>
0 0 0 0 0 0
0 0 0 0 0 0
0 0 0 0 0 0

------------------------->>
0 0 0 0 0 0
0 0 0 0 0 0
0 0 0 0 0 0

------------------------->>
0 0 0 0 0 0
0 0 0 0 0 0
0 0 0 0 0 0

------------------------->>
0 0 0 0 0 0
0 0 0 0 0 0
0 0 0 0 0 0

------------------------->>
0 0 0 0 0 0
0 0 0 0 0 0
0 0 0 0 0 0
0 0 0 0 0 0
------------------------->>
0 0 0 0 0 0
0 0 0 0 0 0
0 0 0 0 0 0

######################################### JOVEM MODERNO ###########################################
0 0 0 0 0 0
0 0 0 0 0 0
0 0 0 0 0 0

------------------------->>
0 0 0 0 0 0
0 0 -5 -5 0 0
0 0 0 0 0 0
0 5 0 -7 0 0
------------------------->>
0 10 0 3 6 0
0 0 0 0 0 0
0 0 0 0 0 0
0 0 0 0 0 0
------------------------->>
0 0 0 -5 -5 0
0 0 -2 0 -6 0
0 0 0 -7 -3 0

------------------------->>
0 0 0 -6 -2 0
0 0 0 -6 0 0
0 0 0 -6 0 0
0 0 0 0 -4 0
------------------------->>
0 0 0 -6 0 0
0 0 0 -6 0 0
0 0 0 -6 -2 0
0 0 0 0 -4 0
------------------------->>
0 0 0 0 0 0
0 0 -6 4 7 0
0 0 0 0 0 0
0 0 0 0 0 0
------------------------->>
0 0 0 0 0 0
0 0 0 0 0 0
0 0 0 0 0 0
0 0 0 0 0 0
------------------------->>
0 0 0 0 0 0
0 0 0 -4 -4 0
0 0 0 0 0 0
0 0 0 0 0 0
------------------------->>
0 0 0 0 0 0
0 0 0 0 0 0
0 0 0 0 0 0
0 0 0 0 0 0
------------------------->>
0 0 0 0 0 0
0 0 0 0 0 0
0 0 0 0 0 0
0 0 0 0 0 0
------------------------->>
0 0 0 0 0 0
-5 -5 0 2 6 0
0 0 0 0 0 0
0 0 0 0 0 0
------------------------->>
0 0 0 0 0 0
-5 6 0 -7 -4 0
0 0 0 0 0 0
0 0 0 0 0 0
------------------------->>
0 0 6 4 6 0
0 0 0 0 0 0
0 0 0 -3 -3 0

######################################### ADULTO ###########################################
0 0 0 0 0 0
0 0 -2 -7 0 0
0 3 -3 2 -12 -100
0 0 0 0 0 0
------------------------->>
0 5 0 -6 10 0
0 0 0 0 0 0
0 0 0 0 0 0
0 0 0 0 0 0
------------------------->>
0 0 0 -4 -7 0
0 0 0 -4 -7 0
0 0 0 0 0 0
0 0 0 0 0 0
------------------------->>
0 0 0 -7 0 -200
0 0 0 -7 0 -200
0 0 0 -7 0 -100
0 0 0 -7 0 -200
------------------------->>
0 0 0 -1 0 0
0 0 0 -1 0 0
0 0 0 -1 0 0
0 0 0 0 0 0
------------------------->>
0 0 0 0 0 0
0 0 0 0 0 0
0 0 0 -7 -7 0
0 0 0 0 0 0
------------------------->>
0 0 0 0 0 0
0 0 0 0 0 0
0 0 0 0 0 0
0 0 0 0 0 0
------------------------->>
-2 -4 0 -7 0 0
-2 -4 0 -7 0 0
-4 -5 0 -8 0 0

------------------------->>
0 3 0 -6 -7 0
0 0 3 -6 -6 0
0 0 0 -6 0 0

------------------------->>
0 0 0 0 0 0
0 0 0 0 0 0
0 0 0 0 0 0
0 0 0 0 0 0
------------------------->>
0 0 0 0 0 0
0 0 0 0 -4 0
0 0 0 0 0 0
0 0 0 0 0 0
------------------------->>
-5 0 0 -5 0 0
5 0 0 -3 0 -80
-5 0 0 -5 0 0

------------------------->>
0 0 0 0 0 0
0 0 0 -4 -4 0
0 0 0 0 0 0
0 0 0 0 0 0
------------------------->>
0 0 0 0 0 0
0 0 0 0 0 0
0 0 0 0 0 0
0 0 0 0 0 0
######################################### IDOSO ###########################################
0 0 0 5 3 0
0 0 0 0 0 0
0 0 0 -4 3 -45

------------------------->>
0 0 0 -8 3 0
0 0 0 -10 -4 0
0 0 0 0 0 0
0 0 0 0 0 0
------------------------->>
0 0 0 0 0 0
0 0 0 -4 0 0
0 0 0 -6 -4 0
0 0 0 0 0 0
------------------------->>
0 0 0 0 0 0
-3 -3 0 -5 0 0
-3 -3 0 -5 0 0
-3 -3 0 -5 0 0
------------------------->>
-4 -3 0 -3 0 0
0 0 0 0 0 0
-4 -3 0 -3 0 0

------------------------->>
0 -2 0 -5 -2 0
0 -2 0 -5 0 0
0 -2 0 -5 0 0
0 0 0 0 0 0
------------------------->>
-5 5 0 -6 0 142
-6 4 0 -7 0 142
-5 5 0 -6 0 142

------------------------->>
0 0 0 0 0 0
0 0 0 -4 -4 0
0 0 0 0 0 0
0 0 0 0 0 0
------------------------->>
0 0 0 0 0 0
0 0 0 0 0 0
0 0 0 0 0 0
0 0 0 0 0 0
------------------------->>
0 0 0 0 0 0
0 0 0 0 0 0
0 0 0 0 0 0
0 0 0 -10 -6 0
------------------------->>
0 0 0 0 0 0
0 0 0 0 0 0
0 0 0 0 0 0
0 0 0 0 0 0
------------------------->>
0 4 0 -6 0 0
0 2 0 -6 0 0
0 0 0 0 0 0
0 -3 0 -6 0 0
------------------------->>
0 0 0 0 0 0
0 0 0 0 0 0
0 0 0 0 0 0
0 0 0 0 0 0
------------------------->>
0 -4 0 -7 -6 0
0 0 0 -7 0 0
0 0 0 -7 0 0

------------------------->>