0 0 0 0 0 0
0 0 0 0 0 0
0 0 0 0 0 0
0 0 0 0 0 0
------------------------->>
0 0 0 0 0 0
0 0 0 0 0 0
0 0 0 0 0 0

------------------------->>
0 0 0 0 0 0
0 0 0 0 0 0
0 0 0 0 0 0
0 0 0 0 0 0
------------------------->>
0 0 0 0 0 0
0 0 0 0 0 0
0 0 0 0 0 0
0 0 0 0 0 0
------------------------->>
0 0 0 0 0 0
0 0 0 0 0 0
0 0 0 0 0 0

------------------------->>
0 0 0 0 0 0
0 0 0 0 0 0
0 0 0 0 0 0
0 0 0 0 0 0
------------------------->>
0 0 0 0 0 0
0 0 0 0 0 0
0 0 0 0 0 0
0 0 0 0 0 0
------------------------->>
0 0 0 0 0 0
0 0 0 0 0 0
0 0 0 0 0 0

------------------------->>
0 0 0 0 0 0
0 0 0 0 0 0
0 0 0 0 0 0

------------------------->>
0 0 0 0 0 0
0 0 0 0 0 0
0 0 0 0 0 0

------------------------->>
0 0 0 0 0 0
0 0 0 0 0 0
0 0 0 0 0 0

------------------------->>
0 0 0 0 0 0
0 0 0 0 0 0
0 0 0 0 0 0

------------------------->>
0 0 0 0 0 0
0 0 0 0 0 0
0 0 0 0 0 0
0 0 0 0 0 0
------------------------->>
0 0 0 0 0 0
0 0 0 0 0 0
0 0 0 0 0 0

##################################### JOVEM MODERNO ########################################
0 0 0 0 0 0
0 0 0 0 0 0
0 0 0 0 0 0

------------------------->>
0 0 0 0 0 0
0 0 40 0 0 0
0 0 0 0 0 0
0 45 0 0 0 0
------------------------->>
0 30 0 0 0 0
0 0 0 0 0 0
0 0 0 0 0 0

------------------------->>
0 25 0 0 0 0
0 0 35 0 0 0
0 0 0 0 40 0
0 0 0 0 0 0
------------------------->>
0 0 0 0 35 0
0 0 0 0 0 15
0 0 0 0 0 299
0 0 35 0 0 0
------------------------->>
0 0 0 0 0 150
0 0 0 0 0 12
0 0 0 0 35 0
0 0 35 0 0 0
------------------------->>
0 0 0 0 0 0
0 0 45 0 0 0
0 0 0 0 0 0

------------------------->>
0 0 0 0 0 0
0 0 0 0 0 0
0 0 0 0 0 0
0 0 0 0 0 0
------------------------->>
0 0 0 0 0 0
0 0 0 0 40 0
0 0 0 0 0 0

------------------------->>
0 0 0 0 0 0
0 0 0 0 0 0
0 0 0 0 0 0
0 0 0 0 0 0
------------------------->>
0 0 0 0 0 0
0 0 0 0 0 0
0 0 0 0 0 0

------------------------->>
0 0 0 0 0 0
0 50 0 0 0 0
0 0 0 0 0 0

-------------------------
0 0 0 0 0 0
0 40 0 0 0 0
0 0 0 0 0 0

------------------------->>
0 0 45 0 0 0
0 0 0 0 0 0
0 35 0 0 0 0

######################################### ADULTO ###########################################
0 0 0 0 0 0
0 35 0 0 0 0
0 45 0 0 0 0
0 0 0 0 0 0
------------------------->>
0 40 0 0 0 0
0 0 0 0 0 0
0 0 0 0 0 0
0 0 0 0 0 0
------------------------->>
0 0 0 0 0 60
0 0 0 0 0 30
0 0 0 0 0 0
0 0 0 0 0 0
------------------------->>
0 0 0 0 35 0
0 0 0 0 0 200
0 0 0 0 0 100
0 0 40 0 0 0
------------------------->>
0 0 0 0 0 10
0 0 0 0 0 10
0 0 0 0 0 10
0 0 0 0 0 0
------------------------->>
0 0 0 0 0 0
0 0 0 0 0 0
0 0 20 0 0 0
0 0 0 0 0 0
------------------------->>
0 0 0 0 0 0
0 0 0 0 0 0
0 0 0 0 0 0
0 0 0 0 0 0
------------------------->>
0 0 25 0 0 0
0 0 0 0 0 150
0 45 0 0 0 0

------------------------->>
0 35 0 0 0 0
0 0 40 0 0 0
0 0 0 0 0 20

------------------------->>
0 0 0 0 0 0
0 0 0 0 0 0
0 0 0 0 0 0

------------------------->>
0 0 0 0 0 0
0 0 0 0 35 0
0 0 0 0 0 0

------------------------->>
0 0 0 0 0 40
0 0 0 0 0 80
0 0 0 0 0 70
0 0 0 0 0 0
------------------------->>
0 0 0 0 0 0
0 0 40 0 0 0
0 0 0 0 0 0

------------------------->>
0 0 0 0 0 0
0 0 0 0 0 0
0 0 0 0 0 0

######################################### IDOSO ###########################################
0 0 50 0 0 0
0 0 0 0 0 0
0 0 50 0 0 0

------------------------->>
0 0 0 0 0 10
0 0 0 0 45 0
0 0 0 0 0 0

------------------------->>
0 0 0 0 0 0
0 0 0 0 20 0
0 0 35 0 0 0

------------------------->>
0 0 0 0 0 0
0 0 0 0 0 70
0 0 0 0 0 100
0 0 0 0 0 30
------------------------->>
0 0 0 0 0 150
0 0 0 0 0 0
0 0 0 0 0 20

------------------------->>
0 0 0 0 0 40
0 0 0 0 0 20
0 0 0 0 0 10
0 0 0 0 0 0
------------------------->>
0 0 0 0 0 15
0 35 0 0 0 0
0 0 0 0 0 25
0 0 0 0 0 0
------------------------->>
0 0 0 0 0 0
0 0 0 0 30 0
0 0 0 0 0 0

------------------------->>
0 0 0 0 0 0
0 0 0 0 0 0
0 0 0 0 0 0
0 0 0 0 0 0
------------------------->>
0 0 0 0 0 0
0 0 0 0 0 0
0 0 0 0 0 0
0 0 0 0 45 0
------------------------->>
0 0 0 0 0 0
0 0 0 0 0 0
0 0 0 0 0 0
0 0 0 0 0 0
------------------------->>
0 40 0 0 0 0
0 0 40 0 0 0
0 0 0 0 0 0
0 0 0 0 0 15
------------------------->>
0 0 0 0 0 0
0 0 0 0 0 0
0 0 0 0 0 0

------------------------->>
0 25 0 0 0 0
0 0 0 0 0 20
0 0 0 0 20 0
0 0 0 0 0 0
------------------------->>