0 0 3 -5 7 0
0 0 3 0 7 0
0 0 5 7 7 0
0 0 5 -2 -4 0
------------------------->>
0 4 6 7 4 0
0 6 4 9 4 0
0 0 -3 -2 -3 0

------------------------->>
0 0 3 2 6 0
0 2 6 -3 0 0
0 0 0 -3 -5 0
0 0 0 3 0 0
------------------------->>
0 0 2 0 -4 0
-4 6 -6 0 0 242
0 0 5 0 5 0
0 0 3 0 -2 0
------------------------->>
5 7 0 4 4 20
5 7 0 -4 -4 0
0 -5 -3 0 -3 0

------------------------->>
0 0 4 3 3 0
0 6 -2 -5 -4 0
0 0 1 0 0 0
0 0 0 -2 -3 0
------------------------->>
0 0 0 0 -4 0
0 0 4 3 3 0
0 0 0 4 3 0
0 0 1 0 0 0
------------------------->>
0 0 -3 -3 -3 0
0 0 2 -2 0 0
0 0 4 2 2 0

------------------------->>
0 0 5 0 4 0
0 0 4 0 0 0
0 6 -2 6 0 0

------------------------->>
0 0 0 3 0 0
0 0 0 -2 0 0
0 4 3 10 6 0

------------------------->>
0 0 0 -8 0 0
0 0 3 0 0 0
0 0 4 4 -2 150

------------------------->>
0 6 0 5 4 0
0 4 4 5 6 0
0 6 3 5 -2 0

------------------------->>
0 0 -6 -6 -4 0
0 0 -8 -7 -7 0
0 3 3 3 4 0
0 0 -3 -3 -2 0
------------------------->>
0 4 5 7 2 0
0 0 -2 -4 -4 0
0 0 -2 -5 -2 0

######################################################## JOVEM MODERNO ###################################################
0 2 3 -1 8 40
-2 0 0 -3 3 0
0 0 0 -5 -5 0

------------------------->>
0 3 5 5 0 0
0 0 10 6 0 0
0 0 15 5 0 0
0 6 0 10 0 0
------------------------->>
0 15 0 10 10 97
0 3 0 -3 6 0
0 0 10 0 -3 0

------------------------->>
0 6 0 6 -11 0
0 0 13 8 6 0
0 0 0 8 10 0
0 0 0 10 8 0
------------------------->>
0 0 5 15 6 0
0 0 0 -12 0 -15
0 0 0 15 0 -299
0 0 7 15 0 0
------------------------->>
0 0 0 12 0 -150
0 0 0 12 0 -12
0 0 5 12 6 0
0 0 7 12 0 0
------------------------->>
0 0 10 -6 -4 0
0 3 7 8 7 0
0 0 -7 5 7 0

------------------------->>
0 4 0 -7 5 0
0 9 0 0 -8 0
0 0 5 0 3 0
0 0 0 3 -6 0
------------------------->>
0 0 3 4 5 20
0 0 4 -8 0 300
0 0 0 12 5 700

------------------------->>
0 0 12 0 0 0
0 12 0 0 0 0
0 0 0 12 0 0
0 0 0 0 12 0
------------------------->>
-5 0 -5 -20 4 0
-10 0 -13 -20 -10 0
0 0 9 10 0 0

------------------------->>
0 6 8 8 -6 0
-4 8 -13 2 10 0
0 0 5 0 -7 0

------------------------->>
0 0 5 0 8 0
0 8 0 3 -3 0
0 0 0 -3 0 0

------------------------->>
0 0 5 4 5 40
0 0 0 -4 -5 0
0 0 0 -4 -2 0

######################################### ADULTO ###########################################
0 0 0 -10 -12 0
0 0 7 0 0 0
0 3 0 6 0 0
0 0 -3 -10 -8 0
------------------------->>
0 10 6 10 13 0
0 0 0 10 -10 0
0 0 0 0 -5 0
0 0 10 10 10 0
------------------------->>
0 0 0 8 12 -60
0 0 6 8 8 -30
0 0 8 8 3 0
0 0 0 10 -12 0
------------------------->>
0 0 5 10 4 0
0 0 5 10 4 -200
0 0 3 5 0 -10
0 0 6 10 9 0
------------------------->>
0 0 0 -7 0 -10
0 0 0 7 0 230
0 0 0 -7 0 -10
0 0 5 0 0 0
------------------------->>
0 0 7 0 0 0
0 0 0 -5 8 0
0 0 4 5 -6 50
0 0 0 -5 0 0
------------------------->>
0 0 0 0 12 0
0 0 0 12 0 0
0 12 0 0 0 0
0 0 12 0 0 0
------------------------->>
6 3 4 6 0 0
-3 -7 0 12 0 -150
-6 -4 0 4 0 0

------------------------->>
0 5 0 10 -9 0
0 0 6 10 6 0
0 0 2 10 6 -20

------------------------->>
0 0 4 0 6 0
0 0 -5 -4 6 0
0 0 0 6 -10 0

------------------------->>
-5 0 -4 -7 -7 150
0 0 4 8 7 150
3 0 5 2 0 0

------------------------->>
-4 0 7 -5 0 -40
0 0 0 5 0 -80
0 0 4 8 0 70
-5 0 0 -5 0 0
------------------------->>
0 0 -5 -8 -10 0
0 0 6 10 6 0
0 0 0 -6 0 0

------------------------->>
6 2 0 5 3 0
-6 -6 0 -6 0 0
-6 -6 -4 -10 0 0

######################################### IDOSO ###########################################
0 0 5 6 5 0
0 0 0 0 -2 0
0 0 5 7 5 45

------------------------->>
0 0 0 5 7 -10
0 0 3 5 5 0
0 0 0 -3 -5 0

------------------------->>
0 0 0 -6 0 0
0 0 7 10 4 0
0 0 5 8 6 0

------------------------->>
-6 -3 0 4 0 0
0 3 0 -6 4 -70
0 3 0 4 0 -100
2 2 0 7 0 -30
------------------------->>
5 4 0 6 0 -150
-3 -5 0 -4 0 0
2 0 0 7 0 -20

------------------------->>
5 7 0 10 8 -40
5 4 0 7 6 -20
5 4 6 7 6 10
0 0 0 -7 -2 0
------------------------->>
0 0 0 -6 0 -15
4 5 0 6 0 142
0 0 0 10 7 -25
0 0 -4 0 0 0
------------------------->>
0 0 0 5 6 0
0 0 6 12 4 0
0 0 0 -6 -5 0

------------------------->>
0 12 0 0 0 0
0 0 0 0 12 0
0 0 0 12 0 0
0 0 12 0 0 0
------------------------->>
0 0 2 2 4 0
0 0 0 7 4 0
0 0 0 0 2 0
7 5 0 10 8 0
------------------------->>
5 7 0 10 7 0
4 5 0 12 8 0
0 0 0 -8 4 0
5 0 0 5 8 0
------------------------->>
0 6 6 5 0 0
0 5 7 5 0 0
0 -4 0 0 -5 0
0 -4 0 -5 0 -15
------------------------->>
0 0 -4 -5 0 0
0 0 -4 -5 0 0
0 0 5 8 0 0

------------------------->>
7 5 0 8 -6 0
7 0 4 8 0 -20
7 0 8 8 8 0
0 0 0 -10 0 0
------------------------->>